#Exercise 2
birthyear <- 1997
ages <- 2014:2011 - birthyear